0 5.91922e-05
1 4.90361e-05
2 7.35374e-05
3 7.96812e-05
4 3.53452e-05
5 -7.86611e-06
6 3.69957e-06
7 -7.28795e-06
8 -1.62889e-06
9 7.81677e-05
10 1.49206e-05
11 5.16689e-06
12 3.53797e-05
13 -8.21451e-06
14 4.28252e-05
15 4.46911e-05
16 7.31833e-05
17 -6.99885e-06
18 3.65100e-05
19 4.24882e-05
20 -4.36140e-06
21 5.57636e-05
22 -3.49827e-07
23 3.29040e-05
24 2.35687e-05
25 4.77047e-05
26 -8.09536e-06
27 2.20825e-05
28 2.35770e-05
29 5.92678e-05
30 1.25794e-05
31 3.02804e-05
32 1.10071e-05
33 7.94783e-05
34 1.73154e-05
35 6.53806e-05
36 2.65266e-05
37 2.90379e-05
38 1.17797e-05
39 6.04495e-05
40 2.10768e-05
41 7.64213e-05
42 2.09387e-05
43 3.40690e-05
44 1.40299e-05
45 2.24490e-05
46 3.47632e-05
47 4.81553e-05
48 7.12984e-05
49 9.65764e-07
9950 3.67468e-05
9951 7.05207e-05
9952 6.09076e-05
9953 5.42261e-05
9954 2.51605e-06
9955 6.02835e-05
9956 3.94555e-05
9957 1.66448e-05
9958 6.13287e-05
9959 6.47868e-05
9960 5.95400e-05
9961 5.12908e-05
9962 2.49864e-05
9963 7.88603e-05
9964 5.33281e-05
9965 6.15847e-05
9966 -3.19903e-06
9967 1.13705e-05
9968 -7.04123e-06
9969 1.04540e-05
9970 6.35228e-05
9971 2.48472e-05
9972 2.26781e-05
9973 5.19895e-05
9974 3.79024e-05
9975 7.42778e-05
9976 -2.61685e-06
9977 1.04939e-05
9978 3.09805e-05
9979 5.75190e-05
9980 2.04653e-05
9981 2.99849e-05
9982 3.45357e-05
9983 6.50709e-05
9984 2.95623e-05
9985 4.02547e-05
9986 -6.77133e-06
9987 6.78836e-05
9988 7.65216e-05
9989 5.24217e-05
9990 2.95166e-05
9991 3.36793e-05
9992 4.36862e-05
9993 2.97726e-05
9994 7.01322e-05
9995 5.33832e-05
9996 2.41542e-05
9997 4.91772e-05
9998 2.67089e-05
9999 5.18533e-05
9420 msec
