0 0.000145292
1 0.000122911
2 2.64105e-05
3 0.000172957
4 6.96721e-05
5 -1.67993e-05
6 0.000153421
7 0.000104717
8 5.95672e-05
9 4.59501e-05
10 0.000110247
11 3.19001e-05
12 0.000162896
13 0.000136902
14 2.41127e-05
15 0.000165576
16 5.98859e-06
17 0.000174078
18 7.91676e-05
19 2.68624e-05
20 5.70146e-05
21 5.86765e-06
22 7.90108e-05
23 7.07700e-05
24 0.000138651
25 0.000167427
26 3.88227e-05
27 1.35493e-05
28 0.000142700
29 0.000125208
30 0.000159083
31 1.73499e-05
32 5.52114e-05
33 0.000141808
34 7.46063e-05
35 0.000120001
36 0.000126789
37 0.000137124
38 8.35784e-05
39 4.39287e-05
40 9.39111e-05
41 3.56328e-05
42 0.000152723
43 0.000166621
44 0.000177170
45 0.000102860
46 0.000124363
47 7.64621e-06
48 0.000156033
49 2.91535e-05
4450 4.76380e-05
4451 0.000176199
4452 0.000175409
4453 0.000148729
4454 0.000158378
4455 3.94268e-05
4456 3.36306e-05
4457 0.000135208
4458 1.04303e-05
4459 0.000112936
4460 -2.01427e-05
4461 -2.30022e-06
4462 0.000146865
4463 0.000100860
4464 0.000145301
4465 -1.37975e-05
4466 0.000117416
4467 -1.43274e-05
4468 7.49802e-05
4469 0.000105582
4470 9.59129e-06
4471 2.72320e-05
4472 0.000156254
4473 -6.56874e-06
4474 0.000110915
4475 6.16450e-05
4476 9.50105e-05
4477 0.000167309
4478 0.000118329
4479 0.000174434
4480 0.000115470
4481 8.48978e-05
4482 0.000108888
4483 7.28488e-05
4484 -1.69779e-05
4485 1.34414e-05
4486 -1.03641e-05
4487 -2.96525e-06
4488 0.000117416
4489 0.000157310
4490 0.000103978
4491 8.78291e-05
4492 9.62482e-06
4493 0.000156061
4494 1.23512e-05
4495 -2.08127e-05
4496 3.37411e-05
4497 6.31779e-05
4498 1.95564e-07
4499 9.52472e-05
52652 msec
