0 1.94651e-05
1 1.24770e-05
2 9.60923e-05
3 3.85795e-06
4 1.00871e-06
5 8.17494e-05
6 6.27551e-05
7 3.88609e-05
8 0.000101439
9 1.13906e-05
10 5.87985e-05
11 4.34121e-05
12 3.61897e-05
13 5.79058e-05
14 6.57755e-05
15 4.96042e-05
16 1.73907e-05
17 8.08163e-05
18 2.54887e-05
19 9.34362e-05
20 7.98575e-05
21 9.94658e-05
22 9.20852e-05
23 2.65139e-05
24 0.000102830
25 2.05427e-05
26 -9.38144e-06
27 6.76959e-05
28 2.87108e-05
29 5.14082e-05
30 4.38848e-05
31 2.03362e-05
32 1.57276e-05
33 5.32852e-05
34 0.000102876
35 -1.04741e-05
36 7.22923e-06
37 2.06115e-05
38 9.91564e-05
39 3.37773e-05
40 6.75780e-05
41 1.35311e-05
42 1.14002e-05
43 7.32300e-05
44 9.78918e-05
45 8.12485e-05
46 2.36780e-05
47 5.19327e-05
48 3.94703e-05
49 0.000102404
7450 3.55403e-05
7451 -8.75787e-06
7452 9.54660e-05
7453 2.55493e-05
7454 1.61412e-05
7455 3.75976e-05
7456 9.76421e-05
7457 4.72011e-05
7458 6.51435e-05
7459 4.07982e-05
7460 2.87417e-05
7461 8.74436e-06
7462 1.96412e-05
7463 3.93621e-05
7464 2.48086e-05
7465 7.22232e-05
7466 1.00472e-06
7467 7.89394e-05
7468 8.70131e-05
7469 6.81944e-05
7470 6.29650e-05
7471 9.04596e-05
7472 1.44161e-05
7473 4.50523e-05
7474 4.76049e-05
7475 8.09575e-05
7476 0.000105443
7477 4.99014e-05
7478 2.08937e-05
7479 3.17661e-05
7480 8.14595e-05
7481 8.67054e-05
7482 8.69512e-05
7483 7.55385e-05
7484 2.44550e-05
7485 7.37767e-05
7486 6.75711e-05
7487 9.03370e-05
7488 1.08227e-05
7489 0.000106854
7490 7.70380e-05
7491 8.94064e-05
7492 -4.69234e-06
7493 2.09862e-05
7494 0.000105896
7495 3.61195e-05
7496 0.000106569
7497 2.98107e-05
7498 1.21258e-05
7499 4.45497e-05
32659 msec
