0 0.000130845
1 0.000125628
2 3.63185e-05
3 -1.30223e-05
4 9.08115e-05
5 -1.09012e-05
6 4.81138e-05
7 0.000104654
8 -1.29376e-05
9 0.000108819
10 4.00199e-05
11 9.78423e-05
12 0.000123007
13 0.000105674
14 5.79218e-05
15 1.75910e-05
16 5.86557e-05
17 3.42934e-05
18 7.70473e-05
19 3.07794e-05
20 0.000122402
21 8.40611e-05
22 0.000107446
23 2.38469e-05
24 8.35466e-06
25 0.000106277
26 0.000121100
27 9.35709e-05
28 1.56907e-06
29 1.15941e-05
30 2.26876e-05
31 6.06080e-06
32 0.000123287
33 3.05669e-05
34 2.30799e-05
35 -1.19821e-05
36 6.08115e-05
37 -5.40829e-06
38 4.87877e-05
39 3.34354e-05
40 9.34082e-05
41 0.000120201
42 1.62131e-05
43 9.72684e-05
44 0.000113920
45 8.07608e-05
46 4.23530e-05
47 0.000124868
48 2.78800e-05
49 1.34045e-05
5950 7.13538e-05
5951 6.44771e-05
5952 0.000124012
5953 -6.32074e-07
5954 8.44665e-05
5955 6.40970e-05
5956 8.66875e-05
5957 8.04151e-05
5958 6.92829e-05
5959 0.000120153
5960 2.10381e-05
5961 7.03426e-05
5962 8.62620e-05
5963 8.98845e-05
5964 -1.29668e-05
5965 7.29367e-05
5966 0.000125589
5967 -9.60135e-06
5968 0.000117409
5969 7.10205e-05
5970 1.23994e-05
5971 3.64301e-05
5972 0.000128117
5973 1.13301e-05
5974 1.45431e-05
5975 3.05800e-05
5976 6.70362e-05
5977 6.39356e-05
5978 3.87200e-05
5979 2.59579e-05
5980 2.35441e-05
5981 7.48466e-05
5982 5.76356e-05
5983 3.88899e-05
5984 0.000110938
5985 -8.41819e-06
5986 8.56306e-06
5987 -1.26087e-05
5988 0.000126631
5989 2.46169e-05
5990 6.42102e-05
5991 5.87169e-05
5992 1.97823e-05
5993 5.10376e-06
5994 5.61406e-05
5995 0.000122371
5996 9.20192e-05
5997 1.37837e-05
5998 6.06533e-05
5999 7.82951e-05
26781 msec
